1465 0
1504 3
1599 11
1775 15
7477 79
7784 81
7906 103
8786 109
8880 120
9271 126
9386 127
9445 128
10317 133
10677 139
11249 145
12403 150
12565 151
12794 153
12982 157
13122 159
13147 160
13356 163
13375 164
13450 165
13477 166
13555 168
13709 171
13791 174
13998 176
14123 177
14215 180
14232 181
14887 186
16588 194
19063 204
19495 206
19778 208
20574 209
21157 210
21690 211
23332 216
27446 227
27790 228
29414 232
31927 237
32466 239
33199 240
34903 243
35665 244